56,3
56,1
56,4
45,3
45,1
45,5
29,1
29,3
30,1
30,3
14,5
53,4
53,1
53,3
0,273
0,270
3,2
10,93
10,79
10,86
10,147
10,22
10,121
11,13
11,15
11,17
11,18
9,7
8,10
8,5
8,11
8,17
8,6
20,3
20,2
20,1
19,3
19,2
19,1
12,3
12,2
12,1
11,28
11,27
11,26
11,25
11,24
11,23
11,22
11,21
11,20
11,19
11,10
11,8
11,3
11,2
11,1
10,302
10,301
18,1
10,300
10,299
10,298
10,297
10,296
10,295
10,294
10,293
10,292
10,291
10,290
10,289
10,288
10,287
10,286
10,285
18,3
10,284
10,283
10,282
10,281
10,280
10,279
10,278
10,277
10,276
10,275
10,274
10,273
10,272
10,271
10,270
10,269
14,1
10,268
10,267
10,266
10,265
10,264
10,263
10,262
10,261
10,260
10,259
10,258
10,257
10,256
10,255
10,254
10,253
14,4
10,252
10,251
10,250
10,249
10,248
10,247
10,246
10,245
10,244
10,243
10,242
10,241
